15000.000000 4017.000000 4173.000000 4250.000000          -0.500000 1.000000
15000.000000 4035.000000 4159.000000 4268.000000          -0.500000 1.000000
15000.000000 4075.000000 4185.000000 4289.000000          -0.500000 1.000000
15000.000000 4009.000000 4144.000000 4254.000000          -0.500000 1.000000
15000.000000 4027.000000 4187.000000 4264.000000          -0.500000 1.000000
15000.000000 4019.000000 4116.000000 4252.000000          -0.500000 1.000000
15000.000000 4006.000000 4191.000000 4236.000000          -0.500000 1.000000
15000.000000 4020.000000 4150.000000 4254.000000          -0.500000 1.000000
15000.000000 3994.000000 4088.000000 4232.000000          -0.500000 1.000000
15000.000000 4090.000000 4182.000000 4348.000000          -0.500000 1.000000
15000.000000 4019.000000 4144.000000 4257.000000          -0.500000 1.000000
15000.000000 4060.000000 4157.000000 4294.000000          -0.500000 1.000000
15000.000000 3988.000000 4172.000000 4235.000000          -0.500000 1.000000
15000.000000 4017.000000 4152.000000 4241.000000          -0.500000 1.000000
15000.000000 4027.000000 4125.000000 4285.000000          -0.500000 1.000000
15000.000000 3993.000000 4115.000000 4235.000000          -0.500000 1.000000
15000.000000 4007.000000 4163.000000 4245.000000          -0.500000 1.000000
15000.000000 3973.000000 4095.000000 4202.000000          -0.500000 1.000000
15000.000000 4112.000000 4204.000000 4360.000000          -0.500000 1.000000
15000.000000 4028.000000 4188.000000 4252.000000          -0.500000 1.000000
14837.000000 3743.000000 3637.000000 3683.000000          0.000000 1.000000
14856.000000 3817.000000 3677.000000 3699.000000          0.000000 1.000000
14832.000000 3797.000000 3684.000000 3668.000000          0.000000 1.000000
14755.000000 3664.000000 3596.000000 3595.000000          0.000000 1.000000
14867.000000 3814.000000 3697.000000 3679.000000          0.000000 1.000000
14833.000000 3740.000000 3662.000000 3636.000000          0.000000 1.000000
14863.000000 3772.000000 3694.000000 3690.000000          0.000000 1.000000
14830.000000 3709.000000 3685.000000 3656.000000          0.000000 1.000000
14846.000000 3691.000000 3641.000000 3627.000000          0.000000 1.000000
14862.000000 3740.000000 3680.000000 3639.000000          0.000000 1.000000
14819.000000 3677.000000 3639.000000 3569.000000          0.000000 1.000000
14841.000000 3682.000000 3661.000000 3605.000000          0.000000 1.000000
14812.000000 3659.000000 3649.000000 3608.000000          0.000000 1.000000
14872.000000 3788.000000 3687.000000 3709.000000          0.000000 1.000000
14796.000000 3685.000000 3632.000000 3628.000000          0.000000 1.000000
14848.000000 3803.000000 3676.000000 3668.000000          0.000000 1.000000
14836.000000 3704.000000 3676.000000 3670.000000          0.000000 1.000000
14817.000000 3681.000000 3670.000000 3614.000000          0.000000 1.000000
14777.000000 3611.000000 3612.000000 3566.000000          0.000000 1.000000
14836.000000 3692.000000 3641.000000 3662.000000          0.000000 1.000000
12550.000000 4212.000000 4089.000000 4015.000000          0.500000 1.000000
15000.000000 4237.000000 4156.000000 3985.000000          0.500000 1.000000
15000.000000 4162.000000 4021.000000 4015.000000          0.500000 1.000000
15000.000000 4208.000000 4075.000000 3967.000000          0.500000 1.000000
15000.000000 4143.000000 4060.000000 3996.000000          0.500000 1.000000
15000.000000 4214.000000 4090.000000 4020.000000          0.500000 1.000000
15000.000000 4174.000000 4070.000000 3962.000000          0.500000 1.000000
15000.000000 4262.000000 4129.000000 4038.000000          0.500000 1.000000
15000.000000 4184.000000 4050.000000 3942.000000          0.500000 1.000000
15000.000000 4200.000000 4058.000000 4023.000000          0.500000 1.000000
15000.000000 4194.000000 4053.000000 3964.000000          0.500000 1.000000
15000.000000 4158.000000 4017.000000 3985.000000          0.500000 1.000000
15000.000000 4217.000000 4094.000000 3971.000000          0.500000 1.000000
15000.000000 4205.000000 4096.000000 3973.000000          0.500000 1.000000
15000.000000 4211.000000 4078.000000 3979.000000          0.500000 1.000000
15000.000000 4227.000000 4109.000000 3985.000000          0.500000 1.000000
15000.000000 4208.000000 4067.000000 3991.000000          0.500000 1.000000
15000.000000 4236.000000 4100.000000 4004.000000          0.500000 1.000000
15000.000000 4140.000000 3999.000000 3910.000000          0.500000 1.000000
15000.000000 4213.000000 4081.000000 4025.000000          0.500000 1.000000
0.000000 5604.000000 5718.000000 5864.000000          -1.000000 1.500000
0.000000 5643.000000 5755.000000 5917.000000          -1.000000 1.500000
0.000000 5562.000000 5704.000000 5846.000000          -1.000000 1.500000
0.000000 5674.000000 5779.000000 5913.000000          -1.000000 1.500000
0.000000 5630.000000 5719.000000 5885.000000          -1.000000 1.500000
0.000000 5622.000000 5761.000000 5903.000000          -1.000000 1.500000
0.000000 5576.000000 5718.000000 5845.000000          -1.000000 1.500000
0.000000 5721.000000 5835.000000 6038.000000          -1.000000 1.500000
0.000000 5648.000000 5759.000000 5916.000000          -1.000000 1.500000
0.000000 5663.000000 5800.000000 5971.000000          -1.000000 1.500000
0.000000 5605.000000 5692.000000 5874.000000          -1.000000 1.500000
0.000000 5603.000000 5715.000000 5886.000000          -1.000000 1.500000
15000.000000 5640.000000 5754.000000 5925.000000          -1.000000 1.500000
15000.000000 5702.000000 5816.000000 6019.000000          -1.000000 1.500000
15000.000000 5632.000000 5748.000000 5911.000000          -1.000000 1.500000
15000.000000 5649.000000 5763.000000 5904.000000          -1.000000 1.500000
0.000000 5659.000000 5771.000000 5938.000000          -1.000000 1.500000
0.000000 5599.000000 5744.000000 5878.000000          -1.000000 1.500000
15000.000000 5566.000000 5709.000000 5846.000000          -1.000000 1.500000
15000.000000 5702.000000 5837.000000 5941.000000          -1.000000 1.500000
14732.000000 4998.000000 5078.000000 5149.000000          -0.500000 1.500000
14157.000000 5109.000000 5201.000000 5268.000000          -0.500000 1.500000
15000.000000 5016.000000 5065.000000 5179.000000          -0.500000 1.500000
15000.000000 5071.000000 5186.000000 5234.000000          -0.500000 1.500000
15000.000000 5010.000000 5059.000000 5173.000000          -0.500000 1.500000
15000.000000 5030.000000 5079.000000 5193.000000          -0.500000 1.500000
15000.000000 4953.000000 5007.000000 5096.000000          -0.500000 1.500000
15000.000000 4983.000000 5037.000000 5147.000000          -0.500000 1.500000
14080.000000 4976.000000 5038.000000 5142.000000          -0.500000 1.500000
14080.000000 4957.000000 5036.000000 5121.000000          -0.500000 1.500000
14001.000000 4999.000000 5053.000000 5142.000000          -0.500000 1.500000
14041.000000 5038.000000 5114.000000 5193.000000          -0.500000 1.500000
14056.000000 5051.000000 5138.000000 5190.000000          -0.500000 1.500000
15000.000000 5028.000000 5175.000000 5179.000000          -0.500000 1.500000
14057.000000 5036.000000 5163.000000 5190.000000          -0.500000 1.500000
14050.000000 4999.000000 5081.000000 5156.000000          -0.500000 1.500000
14048.000000 5075.000000 5137.000000 5201.000000          -0.500000 1.500000
14098.000000 5075.000000 5197.000000 5238.000000          -0.500000 1.500000
13980.000000 4999.000000 5048.000000 5137.000000          -0.500000 1.500000
14009.000000 5033.000000 5123.000000 5187.000000          -0.500000 1.500000
15000.000000 4994.000000 4952.000000 5035.000000          0.000000 1.500000
15000.000000 4955.000000 4942.000000 4935.000000          0.000000 1.500000
15000.000000 4915.000000 4902.000000 4904.000000          0.000000 1.500000
15000.000000 4997.000000 4988.000000 5020.000000          0.000000 1.500000
15000.000000 4908.000000 4899.000000 4883.000000          0.000000 1.500000
15000.000000 5011.000000 4970.000000 4989.000000          0.000000 1.500000
15000.000000 4999.000000 4953.000000 5036.000000          0.000000 1.500000
15000.000000 4892.000000 4848.000000 4874.000000          0.000000 1.500000
15000.000000 5005.000000 4986.000000 5032.000000          0.000000 1.500000
15000.000000 4944.000000 4936.000000 4925.000000          0.000000 1.500000
15000.000000 4971.000000 4953.000000 4999.000000          0.000000 1.500000
15000.000000 4965.000000 4928.000000 4949.000000          0.000000 1.500000
15000.000000 4999.000000 4953.000000 5036.000000          0.000000 1.500000
15000.000000 4893.000000 4856.000000 4877.000000          0.000000 1.500000
15000.000000 4939.000000 4916.000000 4905.000000          0.000000 1.500000
15000.000000 4941.000000 4932.000000 4921.000000          0.000000 1.500000
15000.000000 4895.000000 4886.000000 4893.000000          0.000000 1.500000
15000.000000 4921.000000 4913.000000 4902.000000          0.000000 1.500000
15000.000000 4884.000000 4871.000000 4878.000000          0.000000 1.500000
15000.000000 5034.000000 5013.000000 5053.000000          0.000000 1.500000
15000.000000 5262.000000 5166.000000 5102.000000          0.500000 1.500000
15000.000000 5222.000000 5113.000000 5066.000000          0.500000 1.500000
15000.000000 5274.000000 5166.000000 5108.000000          0.500000 1.500000
15000.000000 5202.000000 5091.000000 5070.000000          0.500000 1.500000
15000.000000 5220.000000 5199.000000 5063.000000          0.500000 1.500000
15000.000000 5239.000000 5132.000000 5077.000000          0.500000 1.500000
15000.000000 5198.000000 5115.000000 5058.000000          0.500000 1.500000
15000.000000 5349.000000 5198.000000 5144.000000          0.500000 1.500000
12744.000000 5248.000000 5178.000000 5086.000000          0.500000 1.500000
12691.000000 5193.000000 5107.000000 5022.000000          0.500000 1.500000
12687.000000 5244.000000 5155.000000 5072.000000          0.500000 1.500000
12667.000000 5170.000000 5071.000000 5026.000000          0.500000 1.500000
12733.000000 5293.000000 5182.000000 5128.000000          0.500000 1.500000
12656.000000 5217.000000 5108.000000 5065.000000          0.500000 1.500000
12595.000000 5202.000000 5096.000000 5002.000000          0.500000 1.500000
12632.000000 5288.000000 5215.000000 5139.000000          0.500000 1.500000
12643.000000 5278.000000 5174.000000 5120.000000          0.500000 1.500000
12610.000000 5266.000000 5158.000000 5104.000000          0.500000 1.500000
12624.000000 5313.000000 5180.000000 5089.000000          0.500000 1.500000
12618.000000 5224.000000 5202.000000 5080.000000          0.500000 1.500000
15000.000000 5928.000000 5766.000000 5683.000000          1.000000 1.500000
14243.000000 5944.000000 5817.000000 5692.000000          1.000000 1.500000
14180.000000 5990.000000 5837.000000 5701.000000          1.000000 1.500000
14209.000000 5980.000000 5849.000000 5713.000000          1.000000 1.500000
15000.000000 5978.000000 5814.000000 5710.000000          1.000000 1.500000
14214.000000 6030.000000 5864.000000 5761.000000          1.000000 1.500000
15000.000000 5924.000000 5767.000000 5684.000000          1.000000 1.500000
15000.000000 5949.000000 5783.000000 5680.000000          1.000000 1.500000
15000.000000 5981.000000 5828.000000 5692.000000          1.000000 1.500000
15000.000000 5922.000000 5783.000000 5642.000000          1.000000 1.500000
15000.000000 6006.000000 5840.000000 5741.000000          1.000000 1.500000
13623.000000 5909.000000 5772.000000 5654.000000          1.000000 1.500000
13678.000000 5989.000000 5828.000000 5724.000000          1.000000 1.500000
14131.000000 5905.000000 5781.000000 5640.000000          1.000000 1.500000
14239.000000 6040.000000 5883.000000 5770.000000          1.000000 1.500000
14123.000000 5978.000000 5792.000000 5688.000000          1.000000 1.500000
14063.000000 5924.000000 5791.000000 5655.000000          1.000000 1.500000
14245.000000 6021.000000 5864.000000 5741.000000          1.000000 1.500000
14135.000000 5988.000000 5802.000000 5694.000000          1.000000 1.500000
15000.000000 6009.000000 5823.000000 5718.000000          1.000000 1.500000
14832.000000 7563.000000 7722.000000 7923.000000          -1.500000 2.000000
14940.000000 7618.000000 7810.000000 8004.000000          -1.500000 2.000000
14845.000000 7581.000000 7765.000000 7966.000000          -1.500000 2.000000
14887.000000 7607.000000 7761.000000 7983.000000          -1.500000 2.000000
14922.000000 7581.000000 7766.000000 7957.000000          -1.500000 2.000000
14947.000000 7616.000000 7801.000000 7999.000000          -1.500000 2.000000
14861.000000 7579.000000 7736.000000 7937.000000          -1.500000 2.000000
14937.000000 7625.000000 7804.000000 7968.000000          -1.500000 2.000000
14891.000000 7581.000000 7740.000000 7966.000000          -1.500000 2.000000
14857.000000 7547.000000 7730.000000 7931.000000          -1.500000 2.000000
14940.000000 7577.000000 7739.000000 7962.000000          -1.500000 2.000000
0.000000 7667.000000 7826.000000 8052.000000          -1.500000 2.000000
0.000000 7622.000000 7781.000000 8007.000000          -1.500000 2.000000
0.000000 7580.000000 7765.000000 7934.000000          -1.500000 2.000000
0.000000 7601.000000 7760.000000 7982.000000          -1.500000 2.000000
0.000000 7548.000000 7736.000000 7908.000000          -1.500000 2.000000
0.000000 7620.000000 7782.000000 8065.000000          -1.500000 2.000000
0.000000 7623.000000 7786.000000 8007.000000          -1.500000 2.000000
0.000000 7593.000000 7750.000000 7977.000000          -1.500000 2.000000
0.000000 7609.000000 7795.000000 7994.000000          -1.500000 2.000000
15000.000000 6900.000000 7023.000000 7105.000000          -1.000000 2.000000
15000.000000 6885.000000 6996.000000 7073.000000          -1.000000 2.000000
15000.000000 6809.000000 6905.000000 7017.000000          -1.000000 2.000000
15000.000000 6911.000000 7030.000000 7148.000000          -1.000000 2.000000
15000.000000 6876.000000 7006.000000 7100.000000          -1.000000 2.000000
15000.000000 6889.000000 6998.000000 7113.000000          -1.000000 2.000000
15000.000000 6889.000000 7001.000000 7083.000000          -1.000000 2.000000
15000.000000 6873.000000 7000.000000 7087.000000          -1.000000 2.000000
15000.000000 6900.000000 6998.000000 7117.000000          -1.000000 2.000000
15000.000000 6920.000000 6955.000000 7069.000000          -1.000000 2.000000
15000.000000 6887.000000 7016.000000 7106.000000          -1.000000 2.000000
15000.000000 6901.000000 6995.000000 7109.000000          -1.000000 2.000000
15000.000000 6872.000000 6998.000000 7080.000000          -1.000000 2.000000
15000.000000 6886.000000 6948.000000 7068.000000          -1.000000 2.000000
15000.000000 6910.000000 7016.000000 7098.000000          -1.000000 2.000000
15000.000000 6885.000000 7007.000000 7107.000000          -1.000000 2.000000
15000.000000 6833.000000 6925.000000 7041.000000          -1.000000 2.000000
15000.000000 6865.000000 6987.000000 7069.000000          -1.000000 2.000000
15000.000000 6817.000000 6909.000000 7026.000000          -1.000000 2.000000
15000.000000 6861.000000 6963.000000 7054.000000          -1.000000 2.000000
15000.000000 6435.000000 6487.000000 6551.000000          -0.500000 2.000000
15000.000000 6388.000000 6419.000000 6501.000000          -0.500000 2.000000
15000.000000 6394.000000 6456.000000 6523.000000          -0.500000 2.000000
15000.000000 6330.000000 6376.000000 6468.000000          -0.500000 2.000000
15000.000000 6394.000000 6463.000000 6532.000000          -0.500000 2.000000
15000.000000 6354.000000 6471.000000 6551.000000          -0.500000 2.000000
15000.000000 6340.000000 6382.000000 6478.000000          -0.500000 2.000000
15000.000000 6397.000000 6479.000000 6566.000000          -0.500000 2.000000
15000.000000 6390.000000 6461.000000 6528.000000          -0.500000 2.000000
15000.000000 6348.000000 6392.000000 6463.000000          -0.500000 2.000000
15000.000000 6389.000000 6465.000000 6527.000000          -0.500000 2.000000
15000.000000 6388.000000 6407.000000 6503.000000          -0.500000 2.000000
15000.000000 6379.000000 6450.000000 6494.000000          -0.500000 2.000000
15000.000000 6383.000000 6385.000000 6467.000000          -0.500000 2.000000
15000.000000 6350.000000 6409.000000 6523.000000          -0.500000 2.000000
15000.000000 6350.000000 6446.000000 6523.000000          -0.500000 2.000000
15000.000000 6385.000000 6486.000000 6523.000000          -0.500000 2.000000
15000.000000 6358.000000 6452.000000 6527.000000          -0.500000 2.000000
15000.000000 6323.000000 6368.000000 6455.000000          -0.500000 2.000000
15000.000000 6463.000000 6534.000000 6580.000000          -0.500000 2.000000
15000.000000 6262.000000 6281.000000 6283.000000          0.000000 2.000000
15000.000000 6309.000000 6320.000000 6309.000000          0.000000 2.000000
15000.000000 6251.000000 6275.000000 6259.000000          0.000000 2.000000
15000.000000 6275.000000 6299.000000 6301.000000          0.000000 2.000000
15000.000000 6299.000000 6291.000000 6307.000000          0.000000 2.000000
15000.000000 6319.000000 6306.000000 6312.000000          0.000000 2.000000
15000.000000 6286.000000 6305.000000 6289.000000          0.000000 2.000000
15000.000000 6352.000000 6348.000000 6332.000000          0.000000 2.000000
15000.000000 6273.000000 6265.000000 6281.000000          0.000000 2.000000
15000.000000 6286.000000 6278.000000 6294.000000          0.000000 2.000000
15000.000000 6378.000000 6373.000000 6366.000000          0.000000 2.000000
15000.000000 6270.000000 6257.000000 6278.000000          0.000000 2.000000
15000.000000 6293.000000 6312.000000 6301.000000          0.000000 2.000000
15000.000000 6295.000000 6287.000000 6303.000000          0.000000 2.000000
15000.000000 6371.000000 6319.000000 6307.000000          0.000000 2.000000
15000.000000 6375.000000 6342.000000 6330.000000          0.000000 2.000000
15000.000000 6296.000000 6306.000000 6290.000000          0.000000 2.000000
15000.000000 6300.000000 6287.000000 6308.000000          0.000000 2.000000
15000.000000 6255.000000 6274.000000 6276.000000          0.000000 2.000000
15000.000000 6290.000000 6310.000000 6298.000000          0.000000 2.000000
15000.000000 6604.000000 6555.000000 6489.000000          0.500000 2.000000
15000.000000 6605.000000 6536.000000 6502.000000          0.500000 2.000000
15000.000000 6658.000000 6589.000000 6544.000000          0.500000 2.000000
15000.000000 6643.000000 6572.000000 6581.000000          0.500000 2.000000
15000.000000 6634.000000 6586.000000 6562.000000          0.500000 2.000000
15000.000000 6601.000000 6550.000000 6479.000000          0.500000 2.000000
15000.000000 6599.000000 6541.000000 6499.000000          0.500000 2.000000
15000.000000 6564.000000 6473.000000 6444.000000          0.500000 2.000000
15000.000000 6598.000000 6535.000000 6489.000000          0.500000 2.000000
15000.000000 6630.000000 6557.000000 6558.000000          0.500000 2.000000
15000.000000 6596.000000 6520.000000 6536.000000          0.500000 2.000000
15000.000000 6617.000000 6545.000000 6474.000000          0.500000 2.000000
15000.000000 6620.000000 6526.000000 6574.000000          0.500000 2.000000
15000.000000 6581.000000 6540.000000 6487.000000          0.500000 2.000000
15000.000000 6628.000000 6580.000000 6527.000000          0.500000 2.000000
15000.000000 6584.000000 6520.000000 6477.000000          0.500000 2.000000
15000.000000 6651.000000 6587.000000 6547.000000          0.500000 2.000000
15000.000000 6555.000000 6491.000000 6452.000000          0.500000 2.000000
15000.000000 6587.000000 6524.000000 6453.000000          0.500000 2.000000
15000.000000 6607.000000 6566.000000 6504.000000          0.500000 2.000000
15000.000000 7162.000000 7079.000000 6963.000000          1.000000 2.000000
15000.000000 7126.000000 7047.000000 6926.000000          1.000000 2.000000
15000.000000 7198.000000 7066.000000 6977.000000          1.000000 2.000000
15000.000000 7163.000000 7079.000000 6963.000000          1.000000 2.000000
15000.000000 7156.000000 7052.000000 6931.000000          1.000000 2.000000
15000.000000 7180.000000 7044.000000 6956.000000          1.000000 2.000000
15000.000000 7140.000000 7008.000000 6915.000000          1.000000 2.000000
15000.000000 7272.000000 7145.000000 7095.000000          1.000000 2.000000
15000.000000 7185.000000 7049.000000 6960.000000          1.000000 2.000000
15000.000000 7196.000000 7060.000000 6976.000000          1.000000 2.000000
15000.000000 7226.000000 7090.000000 7002.000000          1.000000 2.000000
15000.000000 7242.000000 7106.000000 7017.000000          1.000000 2.000000
15000.000000 7206.000000 7074.000000 6990.000000          1.000000 2.000000
15000.000000 7177.000000 7073.000000 6952.000000          1.000000 2.000000
15000.000000 7116.000000 7038.000000 6917.000000          1.000000 2.000000
15000.000000 7235.000000 7142.000000 7025.000000          1.000000 2.000000
15000.000000 7207.000000 7088.000000 6972.000000          1.000000 2.000000
15000.000000 7206.000000 7065.000000 6981.000000          1.000000 2.000000
15000.000000 7172.000000 7068.000000 6947.000000          1.000000 2.000000
15000.000000 7192.000000 7050.000000 6946.000000          1.000000 2.000000
15000.000000 7958.000000 7792.000000 7668.000000          1.500000 2.000000
15000.000000 8022.000000 7856.000000 7728.000000          1.500000 2.000000
15000.000000 8003.000000 7841.000000 7722.000000          1.500000 2.000000
15000.000000 7978.000000 7844.000000 7688.000000          1.500000 2.000000
0.000000 8012.000000 7875.000000 7723.000000          1.500000 2.000000
0.000000 7998.000000 7827.000000 7708.000000          1.500000 2.000000
0.000000 8047.000000 7885.000000 7757.000000          1.500000 2.000000
0.000000 7977.000000 7829.000000 7673.000000          1.500000 2.000000
0.000000 7981.000000 7815.000000 7687.000000          1.500000 2.000000
15000.000000 8017.000000 7826.000000 7707.000000          1.500000 2.000000
0.000000 7969.000000 7828.000000 7672.000000          1.500000 2.000000
0.000000 8038.000000 7876.000000 7747.000000          1.500000 2.000000
0.000000 8072.000000 7910.000000 7757.000000          1.500000 2.000000
0.000000 8032.000000 7866.000000 7717.000000          1.500000 2.000000
0.000000 8001.000000 7830.000000 7687.000000          1.500000 2.000000
0.000000 8044.000000 7896.000000 7744.000000          1.500000 2.000000
0.000000 7976.000000 7807.000000 7688.000000          1.500000 2.000000
0.000000 8004.000000 7865.000000 7714.000000          1.500000 2.000000
15000.000000 7992.000000 7844.000000 7688.000000          1.500000 2.000000
0.000000 7952.000000 7731.000000 7638.000000          1.500000 2.000000
11756.000000 8750.000000 8892.000000 9022.000000          -1.500000 2.500000
11781.000000 8775.000000 8917.000000 9043.000000          -1.500000 2.500000
11712.000000 8726.000000 8877.000000 8999.000000          -1.500000 2.500000
11793.000000 8795.000000 8919.000000 9043.000000          -1.500000 2.500000
11744.000000 8727.000000 8844.000000 8995.000000          -1.500000 2.500000
11740.000000 8734.000000 8851.000000 9006.000000          -1.500000 2.500000
11726.000000 8691.000000 8861.000000 8977.000000          -1.500000 2.500000
11713.000000 8720.000000 8870.000000 8989.000000          -1.500000 2.500000
11746.000000 8737.000000 8911.000000 9005.000000          -1.500000 2.500000
11736.000000 8759.000000 8871.000000 9027.000000          -1.500000 2.500000
11751.000000 8730.000000 8875.000000 8999.000000          -1.500000 2.500000
11682.000000 8680.000000 8822.000000 8949.000000          -1.500000 2.500000
11720.000000 8711.000000 8860.000000 8979.000000          -1.500000 2.500000
11651.000000 8670.000000 8757.000000 8938.000000          -1.500000 2.500000
11788.000000 8782.000000 8928.000000 9063.000000          -1.500000 2.500000
11770.000000 8735.000000 8909.000000 9008.000000          -1.500000 2.500000
11824.000000 8812.000000 8947.000000 9066.000000          -1.500000 2.500000
11720.000000 8710.000000 8859.000000 8996.000000          -1.500000 2.500000
11675.000000 8669.000000 8765.000000 8942.000000          -1.500000 2.500000
11787.000000 8765.000000 8936.000000 9096.000000          -1.500000 2.500000
15000.000000 8081.000000 8190.000000 8284.000000          -1.000000 2.500000
15000.000000 8083.000000 8187.000000 8286.000000          -1.000000 2.500000
15000.000000 8159.000000 8279.000000 8347.000000          -1.000000 2.500000
15000.000000 8134.000000 8220.000000 8337.000000          -1.000000 2.500000
15000.000000 8098.000000 8250.000000 8301.000000          -1.000000 2.500000
15000.000000 8093.000000 8243.000000 8296.000000          -1.000000 2.500000
15000.000000 8139.000000 8216.000000 8338.000000          -1.000000 2.500000
15000.000000 8073.000000 8271.000000 8276.000000          -1.000000 2.500000
15000.000000 8162.000000 8244.000000 8365.000000          -1.000000 2.500000
15000.000000 8062.000000 8166.000000 8260.000000          -1.000000 2.500000
15000.000000 8088.000000 8243.000000 8296.000000          -1.000000 2.500000
15000.000000 8046.000000 8150.000000 8244.000000          -1.000000 2.500000
15000.000000 8192.000000 8259.000000 8391.000000          -1.000000 2.500000
15000.000000 8094.000000 8274.000000 8293.000000          -1.000000 2.500000
15000.000000 8062.000000 8256.000000 8261.000000          -1.000000 2.500000
15000.000000 8080.000000 8235.000000 8288.000000          -1.000000 2.500000
15000.000000 8041.000000 8150.000000 8244.000000          -1.000000 2.500000
15000.000000 8137.000000 8248.000000 8341.000000          -1.000000 2.500000
15000.000000 8097.000000 8247.000000 8308.000000          -1.000000 2.500000
15000.000000 8143.000000 8266.000000 8295.000000          -1.000000 2.500000
15000.000000 7839.000000 7876.000000 7933.000000          -0.500000 2.500000
15000.000000 7840.000000 7877.000000 7929.000000          -0.500000 2.500000
15000.000000 7907.000000 7926.000000 7982.000000          -0.500000 2.500000
15000.000000 7793.000000 7832.000000 7889.000000          -0.500000 2.500000
15000.000000 7788.000000 7843.000000 7867.000000          -0.500000 2.500000
15000.000000 7887.000000 7911.000000 7963.000000          -0.500000 2.500000
15000.000000 7814.000000 7888.000000 7912.000000          -0.500000 2.500000
15000.000000 7800.000000 7842.000000 7898.000000          -0.500000 2.500000
15000.000000 7811.000000 7856.000000 7902.000000          -0.500000 2.500000
15000.000000 7759.000000 7811.000000 7869.000000          -0.500000 2.500000
15000.000000 7917.000000 7916.000000 7968.000000          -0.500000 2.500000
15000.000000 7800.000000 7865.000000 7907.000000          -0.500000 2.500000
15000.000000 7838.000000 7874.000000 7927.000000          -0.500000 2.500000
15000.000000 7795.000000 7865.000000 7893.000000          -0.500000 2.500000
15000.000000 7749.000000 7822.000000 7854.000000          -0.500000 2.500000
15000.000000 7843.000000 7880.000000 7937.000000          -0.500000 2.500000
15000.000000 7790.000000 7860.000000 7910.000000          -0.500000 2.500000
15000.000000 7824.000000 7865.000000 7920.000000          -0.500000 2.500000
15000.000000 7784.000000 7833.000000 7886.000000          -0.500000 2.500000
15000.000000 7897.000000 7894.000000 7918.000000          -0.500000 2.500000
15000.000000 7206.000000 7262.000000 7219.000000          0.000000 2.500000
15000.000000 7769.000000 7756.000000 7767.000000          0.000000 2.500000
15000.000000 7744.000000 7781.000000 7736.000000          0.000000 2.500000
15000.000000 7718.000000 7742.000000 7730.000000          0.000000 2.500000
15000.000000 7748.000000 7785.000000 7747.000000          0.000000 2.500000
15000.000000 7307.000000 7294.000000 7305.000000          0.000000 2.500000
15000.000000 7759.000000 7739.000000 7743.000000          0.000000 2.500000
15000.000000 7685.000000 7707.000000 7702.000000          0.000000 2.500000
15000.000000 7718.000000 7730.000000 7721.000000          0.000000 2.500000
15000.000000 7674.000000 7687.000000 7687.000000          0.000000 2.500000
15000.000000 7444.000000 7438.000000 7449.000000          0.000000 2.500000
15000.000000 7715.000000 7722.000000 7718.000000          0.000000 2.500000
15000.000000 7694.000000 7711.000000 7672.000000          0.000000 2.500000
15000.000000 7713.000000 7702.000000 7691.000000          0.000000 2.500000
15000.000000 7678.000000 7761.000000 7656.000000          0.000000 2.500000
15000.000000 7570.000000 7564.000000 7578.000000          0.000000 2.500000
15000.000000 7759.000000 7751.000000 7766.000000          0.000000 2.500000
15000.000000 7804.000000 7796.000000 7793.000000          0.000000 2.500000
15000.000000 7705.000000 7730.000000 7704.000000          0.000000 2.500000
15000.000000 7660.000000 7658.000000 7663.000000          0.000000 2.500000
15000.000000 7963.000000 7911.000000 7877.000000          0.500000 2.500000
15000.000000 7959.000000 7908.000000 7869.000000          0.500000 2.500000
15000.000000 7884.000000 7835.000000 7785.000000          0.500000 2.500000
15000.000000 7938.000000 7891.000000 7853.000000          0.500000 2.500000
15000.000000 7958.000000 7925.000000 7859.000000          0.500000 2.500000
15000.000000 7931.000000 7840.000000 7807.000000          0.500000 2.500000
15000.000000 7958.000000 7901.000000 7867.000000          0.500000 2.500000
15000.000000 7933.000000 7869.000000 7803.000000          0.500000 2.500000
15000.000000 7923.000000 7904.000000 7838.000000          0.500000 2.500000
15000.000000 7938.000000 7919.000000 7853.000000          0.500000 2.500000
15000.000000 7945.000000 7849.000000 7811.000000          0.500000 2.500000
15000.000000 7947.000000 7914.000000 7843.000000          0.500000 2.500000
15000.000000 7944.000000 7925.000000 7854.000000          0.500000 2.500000
15000.000000 7950.000000 7867.000000 7805.000000          0.500000 2.500000
15000.000000 7997.000000 7946.000000 7908.000000          0.500000 2.500000
15000.000000 7911.000000 7866.000000 7804.000000          0.500000 2.500000
15000.000000 7893.000000 7904.000000 7833.000000          0.500000 2.500000
15000.000000 7892.000000 7871.000000 7836.000000          0.500000 2.500000
15000.000000 7968.000000 7912.000000 7878.000000          0.500000 2.500000
15000.000000 7907.000000 7859.000000 7793.000000          0.500000 2.500000
15000.000000 8470.000000 8374.000000 8301.000000          1.000000 2.500000
15000.000000 8430.000000 8327.000000 8216.000000          1.000000 2.500000
15000.000000 8443.000000 8351.000000 8245.000000          1.000000 2.500000
15000.000000 8396.000000 8248.000000 8199.000000          1.000000 2.500000
15000.000000 8397.000000 8331.000000 8253.000000          1.000000 2.500000
15000.000000 8430.000000 8302.000000 8191.000000          1.000000 2.500000
15000.000000 8421.000000 8323.000000 8217.000000          1.000000 2.500000
15000.000000 8429.000000 8313.000000 8235.000000          1.000000 2.500000
15000.000000 8445.000000 8329.000000 8230.000000          1.000000 2.500000
15000.000000 8445.000000 8349.000000 8270.000000          1.000000 2.500000
15000.000000 8391.000000 8283.000000 8177.000000          1.000000 2.500000
15000.000000 8396.000000 8248.000000 8184.000000          1.000000 2.500000
15000.000000 8362.000000 8260.000000 8186.000000          1.000000 2.500000
15000.000000 8397.000000 8355.000000 8253.000000          1.000000 2.500000
15000.000000 8426.000000 8319.000000 8217.000000          1.000000 2.500000
15000.000000 8386.000000 8268.000000 8187.000000          1.000000 2.500000
15000.000000 8410.000000 8314.000000 8240.000000          1.000000 2.500000
15000.000000 8336.000000 8288.000000 8169.000000          1.000000 2.500000
15000.000000 8389.000000 8275.000000 8196.000000          1.000000 2.500000
15000.000000 8377.000000 8283.000000 8189.000000          1.000000 2.500000
15000.000000 9137.000000 9016.000000 8912.000000          1.500000 2.500000
15000.000000 9093.000000 8972.000000 8863.000000          1.500000 2.500000
15000.000000 9118.000000 9025.000000 8902.000000          1.500000 2.500000
11498.000000 9145.000000 9052.000000 8886.000000          1.500000 2.500000
15000.000000 9142.000000 8996.000000 8883.000000          1.500000 2.500000
11478.000000 9139.000000 9046.000000 8909.000000          1.500000 2.500000
15000.000000 9122.000000 8976.000000 8867.000000          1.500000 2.500000
15000.000000 9272.000000 9146.000000 8980.000000          1.500000 2.500000
15000.000000 9150.000000 9061.000000 8895.000000          1.500000 2.500000
15000.000000 9138.000000 9020.000000 8872.000000          1.500000 2.500000
15000.000000 9154.000000 9041.000000 8913.000000          1.500000 2.500000
15000.000000 9163.000000 9042.000000 8904.000000          1.500000 2.500000
15000.000000 9158.000000 9040.000000 8874.000000          1.500000 2.500000
15000.000000 9230.000000 9088.000000 8950.000000          1.500000 2.500000
15000.000000 9159.000000 9031.000000 8869.000000          1.500000 2.500000
15000.000000 9209.000000 9063.000000 8954.000000          1.500000 2.500000
15000.000000 9228.000000 9107.000000 8973.000000          1.500000 2.500000
15000.000000 9162.000000 9059.000000 8918.000000          1.500000 2.500000
11470.000000 9175.000000 9071.000000 8905.000000          1.500000 2.500000
15000.000000 9123.000000 9030.000000 8893.000000          1.500000 2.500000
0.000000 9955.000000 10059.000000 10134.000000          -1.500000 3.000000
0.000000 9875.000000 10018.000000 10129.000000          -1.500000 3.000000
0.000000 9994.000000 10055.000000 10185.000000          -1.500000 3.000000
0.000000 9944.000000 10048.000000 10153.000000          -1.500000 3.000000
0.000000 9871.000000 10009.000000 10145.000000          -1.500000 3.000000
0.000000 9897.000000 10020.000000 10149.000000          -1.500000 3.000000
0.000000 9991.000000 10040.000000 10174.000000          -1.500000 3.000000
0.000000 9954.000000 10056.000000 10161.000000          -1.500000 3.000000
0.000000 9948.000000 10060.000000 10166.000000          -1.500000 3.000000
0.000000 9989.000000 10098.000000 10207.000000          -1.500000 3.000000
0.000000 9904.000000 10010.000000 10145.000000          -1.500000 3.000000
0.000000 9933.000000 10046.000000 10153.000000          -1.500000 3.000000
0.000000 9882.000000 10017.000000 10137.000000          -1.500000 3.000000
0.000000 9918.000000 10027.000000 10161.000000          -1.500000 3.000000
0.000000 9936.000000 10073.000000 10150.000000          -1.500000 3.000000
0.000000 9908.000000 10016.000000 10146.000000          -1.500000 3.000000
0.000000 9932.000000 10074.000000 10184.000000          -1.500000 3.000000
0.000000 9886.000000 9997.000000 10133.000000          -1.500000 3.000000
0.000000 9882.000000 9984.000000 10118.000000          -1.500000 3.000000
0.000000 9874.000000 10006.000000 10141.000000          -1.500000 3.000000
0.000000 9422.000000 9539.000000 9635.000000          -1.000000 3.000000
0.000000 9446.000000 9544.000000 9625.000000          -1.000000 3.000000
0.000000 9492.000000 9594.000000 9645.000000          -1.000000 3.000000
0.000000 9486.000000 9568.000000 9624.000000          -1.000000 3.000000
0.000000 9445.000000 9503.000000 9576.000000          -1.000000 3.000000
0.000000 9465.000000 9574.000000 9638.000000          -1.000000 3.000000
0.000000 9453.000000 9555.000000 9629.000000          -1.000000 3.000000
0.000000 9481.000000 9555.000000 9639.000000          -1.000000 3.000000
0.000000 9466.000000 9563.000000 9615.000000          -1.000000 3.000000
0.000000 9426.000000 9498.000000 9574.000000          -1.000000 3.000000
0.000000 9437.000000 9551.000000 9614.000000          -1.000000 3.000000
0.000000 9466.000000 9535.000000 9659.000000          -1.000000 3.000000
0.000000 9491.000000 9565.000000 9649.000000          -1.000000 3.000000
0.000000 9460.000000 9529.000000 9628.000000          -1.000000 3.000000
0.000000 9422.000000 9526.000000 9610.000000          -1.000000 3.000000
0.000000 9572.000000 9626.000000 9705.000000          -1.000000 3.000000
0.000000 9404.000000 9476.000000 9557.000000          -1.000000 3.000000
0.000000 9481.000000 9538.000000 9604.000000          -1.000000 3.000000
0.000000 9457.000000 9559.000000 9615.000000          -1.000000 3.000000
0.000000 9485.000000 9559.000000 9683.000000          -1.000000 3.000000
0.000000 9092.000000 9166.000000 9191.000000          -0.500000 3.000000
0.000000 9094.000000 9181.000000 9177.000000          -0.500000 3.000000
0.000000 9137.000000 9191.000000 9199.000000          -0.500000 3.000000
0.000000 9071.000000 9145.000000 9165.000000          -0.500000 3.000000
0.000000 9080.000000 9186.000000 9173.000000          -0.500000 3.000000
0.000000 9092.000000 9126.000000 9131.000000          -0.500000 3.000000
0.000000 9069.000000 9175.000000 9167.000000          -0.500000 3.000000
0.000000 9150.000000 9229.000000 9248.000000          -0.500000 3.000000
0.000000 9122.000000 9196.000000 9220.000000          -0.500000 3.000000
0.000000 9078.000000 9157.000000 9176.000000          -0.500000 3.000000
0.000000 9107.000000 9181.000000 9205.000000          -0.500000 3.000000
0.000000 9108.000000 9187.000000 9211.000000          -0.500000 3.000000
0.000000 9154.000000 9290.000000 9252.000000          -0.500000 3.000000
0.000000 9103.000000 9210.000000 9197.000000          -0.500000 3.000000
0.000000 9203.000000 9260.000000 9262.000000          -0.500000 3.000000
0.000000 9073.000000 9147.000000 9171.000000          -0.500000 3.000000
0.000000 9098.000000 9207.000000 9194.000000          -0.500000 3.000000
0.000000 9160.000000 9227.000000 9214.000000          -0.500000 3.000000
0.000000 9119.000000 9158.000000 9177.000000          -0.500000 3.000000
0.000000 9173.000000 9264.000000 9271.000000          -0.500000 3.000000
15000.000000 9143.000000 9142.000000 9152.000000          0.000000 3.000000
15000.000000 9043.000000 9042.000000 9115.000000          0.000000 3.000000
15000.000000 9129.000000 9112.000000 9117.000000          0.000000 3.000000
15000.000000 8993.000000 9027.000000 9038.000000          0.000000 3.000000
15000.000000 9063.000000 9090.000000 9048.000000          0.000000 3.000000
15000.000000 9100.000000 9116.000000 9098.000000          0.000000 3.000000
15000.000000 9043.000000 9042.000000 9110.000000          0.000000 3.000000
15000.000000 9109.000000 9107.000000 9112.000000          0.000000 3.000000
15000.000000 8999.000000 9070.000000 9044.000000          0.000000 3.000000
15000.000000 9113.000000 9112.000000 9121.000000          0.000000 3.000000
15000.000000 9047.000000 9086.000000 9115.000000          0.000000 3.000000
15000.000000 9127.000000 9101.000000 9115.000000          0.000000 3.000000
15000.000000 9037.000000 9071.000000 9140.000000          0.000000 3.000000
15000.000000 9117.000000 9156.000000 9181.000000          0.000000 3.000000
15000.000000 9133.000000 9112.000000 9121.000000          0.000000 3.000000
15000.000000 9113.000000 9130.000000 9116.000000          0.000000 3.000000
15000.000000 9048.000000 9075.000000 9054.000000          0.000000 3.000000
15000.000000 9132.000000 9131.000000 9145.000000          0.000000 3.000000
15000.000000 9062.000000 9101.000000 9111.000000          0.000000 3.000000
15000.000000 9089.000000 9096.000000 9122.000000          0.000000 3.000000
15000.000000 9242.000000 9201.000000 9121.000000          0.500000 3.000000
15000.000000 9328.000000 9330.000000 9230.000000          0.500000 3.000000
15000.000000 9228.000000 9202.000000 9159.000000          0.500000 3.000000
15000.000000 9309.000000 9315.000000 9211.000000          0.500000 3.000000
15000.000000 9330.000000 9266.000000 9233.000000          0.500000 3.000000
15000.000000 9239.000000 9230.000000 9160.000000          0.500000 3.000000
15000.000000 9268.000000 9227.000000 9172.000000          0.500000 3.000000
15000.000000 9237.000000 9228.000000 9141.000000          0.500000 3.000000
15000.000000 9255.000000 9264.000000 9158.000000          0.500000 3.000000
15000.000000 9223.000000 9214.000000 9101.000000          0.500000 3.000000
15000.000000 9355.000000 9316.000000 9258.000000          0.500000 3.000000
15000.000000 9259.000000 9268.000000 9180.000000          0.500000 3.000000
15000.000000 9330.000000 9247.000000 9233.000000          0.500000 3.000000
15000.000000 9270.000000 9290.000000 9137.000000          0.500000 3.000000
15000.000000 9287.000000 9264.000000 9186.000000          0.500000 3.000000
15000.000000 9293.000000 9250.000000 9196.000000          0.500000 3.000000
15000.000000 9299.000000 9318.000000 9191.000000          0.500000 3.000000
15000.000000 9350.000000 9267.000000 9248.000000          0.500000 3.000000
15000.000000 9255.000000 9232.000000 9173.000000          0.500000 3.000000
15000.000000 9281.000000 9275.000000 9184.000000          0.500000 3.000000
15000.000000 9711.000000 9635.000000 9567.000000          1.000000 3.000000
15000.000000 9672.000000 9628.000000 9527.000000          1.000000 3.000000
15000.000000 9689.000000 9613.000000 9530.000000          1.000000 3.000000
15000.000000 9664.000000 9592.000000 9522.000000          1.000000 3.000000
15000.000000 9696.000000 9648.000000 9552.000000          1.000000 3.000000
15000.000000 9708.000000 9664.000000 9568.000000          1.000000 3.000000
15000.000000 9671.000000 9632.000000 9549.000000          1.000000 3.000000
15000.000000 9727.000000 9668.000000 9629.000000          1.000000 3.000000
15000.000000 9662.000000 9585.000000 9517.000000          1.000000 3.000000
15000.000000 9686.000000 9609.000000 9545.000000          1.000000 3.000000
15000.000000 9712.000000 9673.000000 9572.000000          1.000000 3.000000
15000.000000 9712.000000 9636.000000 9629.000000          1.000000 3.000000
15000.000000 9646.000000 9598.000000 9515.000000          1.000000 3.000000
15000.000000 9681.000000 9633.000000 9537.000000          1.000000 3.000000
15000.000000 9684.000000 9640.000000 9544.000000          1.000000 3.000000
15000.000000 9665.000000 9589.000000 9525.000000          1.000000 3.000000
15000.000000 9674.000000 9635.000000 9534.000000          1.000000 3.000000
15000.000000 9710.000000 9638.000000 9569.000000          1.000000 3.000000
15000.000000 9728.000000 9684.000000 9631.000000          1.000000 3.000000
15000.000000 9753.000000 9681.000000 9651.000000          1.000000 3.000000
15000.000000 10320.000000 10218.000000 10122.000000          1.500000 3.000000
15000.000000 10348.000000 10250.000000 10126.000000          1.500000 3.000000
15000.000000 10278.000000 10200.000000 10074.000000          1.500000 3.000000
15000.000000 10329.000000 10297.000000 10147.000000          1.500000 3.000000
15000.000000 10315.000000 10209.000000 10172.000000          1.500000 3.000000
15000.000000 10409.000000 10351.000000 10183.000000          1.500000 3.000000
15000.000000 10305.000000 10203.000000 10100.000000          1.500000 3.000000
15000.000000 10398.000000 10326.000000 10175.000000          1.500000 3.000000
15000.000000 10303.000000 10197.000000 10103.000000          1.500000 3.000000
15000.000000 10328.000000 10222.000000 10172.000000          1.500000 3.000000
15000.000000 10321.000000 10215.000000 10123.000000          1.500000 3.000000
15000.000000 10365.000000 10321.000000 10163.000000          1.500000 3.000000
15000.000000 10279.000000 10201.000000 10088.000000          1.500000 3.000000
15000.000000 10301.000000 10197.000000 10103.000000          1.500000 3.000000
15000.000000 10255.000000 10182.000000 10131.000000          1.500000 3.000000
15000.000000 10355.000000 10311.000000 10153.000000          1.500000 3.000000
12519.000000 10379.000000 10310.000000 10177.000000          1.500000 3.000000
15000.000000 10289.000000 10216.000000 10151.000000          1.500000 3.000000
15000.000000 10303.000000 10202.000000 10103.000000          1.500000 3.000000
15000.000000 10269.000000 10163.000000 10069.000000          1.500000 3.000000
