22998 10320 10218 10122 10009 0 
23047 10348 10250 10126 10013 0 
22994 10278 10200 10074 9968 0 
23008 10329 10297 10147 10019 0 
22993 10315 10209 10172 10004 0 
23101 10409 10351 10183 10102 0 
23007 10305 10203 10100 9977 0 
23076 10398 10326 10175 10087 0 
22985 10303 10197 10103 9980 0 
23030 10328 10222 10172 10001 0 
23004 10321 10215 10123 10009 0 
23047 10365 10321 10163 10022 0 
22995 10279 10201 10088 9970 0 
22981 10301 10197 10103 9992 0 
22971 10255 10182 10131 9996 0 
23057 10355 10311 10153 10032 0 
12519 10379 10310 10177 10036 0 
23013 10289 10216 10151 9999 0 
22987 10303 10202 10103 9997 0 
22951 10269 10163 10069 9991 0 
