0 5604 5718 5864 5956 0 
0 5643 5755 5917 6018 0 
0 5562 5704 5846 5943 0 
0 5674 5779 5913 6046 0 
0 5630 5719 5885 5982 0 
0 5622 5761 5903 5999 0 
0 5576 5718 5845 5937 0 
0 5721 5835 6038 6068 0 
0 5648 5759 5916 6008 0 
0 5663 5800 5971 6038 0 
0 5605 5692 5874 5966 0 
0 5603 5715 5886 5977 0 
22187 5640 5754 5925 6004 0 
22253 5702 5816 6019 6054 0 
22196 5632 5748 5911 5982 0 
22171 5649 5763 5904 6013 0 
0 5659 5771 5938 6030 0 
0 5599 5744 5878 5987 0 
22137 5566 5709 5846 5938 0 
22222 5702 5837 5941 6069 0 
