14837 3743 3637 3683 3729 0 
14856 3817 3677 3699 3703 0 
14832 3797 3684 3668 3705 0 
14755 3664 3596 3595 3610 0 
14867 3814 3697 3679 3761 0 
14833 3740 3662 3636 3727 0 
14863 3772 3694 3690 3744 0 
14830 3709 3685 3656 3702 0 
14846 3691 3641 3627 3656 0 
14862 3740 3680 3639 3706 0 
14819 3677 3639 3569 3607 0 
14841 3682 3661 3605 3651 0 
14812 3659 3649 3608 3645 0 
14872 3788 3687 3709 3731 0 
14796 3685 3632 3628 3632 0 
14848 3803 3676 3668 3702 0 
14836 3704 3676 3670 3646 0 
14817 3681 3670 3614 3671 0 
14777 3611 3612 3566 3600 0 
14836 3692 3641 3662 3631 0 
