0 9422 9539 9635 9642 0 
0 9446 9544 9625 9658 0 
0 9492 9594 9645 9703 0 
0 9486 9568 9624 9681 0 
0 9445 9503 9576 9617 0 
0 9465 9574 9638 9692 0 
0 9453 9555 9629 9662 0 
0 9481 9555 9639 9685 0 
0 9466 9563 9615 9661 0 
0 9426 9498 9574 9611 0 
0 9437 9551 9614 9685 0 
0 9466 9535 9659 9664 0 
0 9491 9565 9649 9695 0 
0 9460 9529 9628 9659 0 
0 9422 9526 9610 9660 0 
0 9572 9626 9705 9739 0 
0 9404 9476 9557 9589 0 
0 9481 9538 9604 9636 0 
0 9457 9559 9615 9662 0 
0 9485 9559 9683 9672 0 
