15525 6900 7023 7105 7219 0 
15474 6885 6996 7073 7173 0 
15445 6809 6905 7017 7084 0 
15566 6911 7030 7148 7224 0 
15520 6876 7006 7100 7194 0 
15490 6889 6998 7113 7177 0 
15473 6889 7001 7083 7180 0 
15484 6873 7000 7087 7183 0 
15508 6900 6998 7117 7198 0 
15463 6920 6955 7069 7138 0 
15513 6887 7016 7106 7175 0 
15500 6901 6995 7109 7218 0 
15478 6872 6998 7080 7177 0 
15489 6886 6948 7068 7120 0 
15535 6910 7016 7098 7198 0 
15552 6885 7007 7107 7176 0 
15464 6833 6925 7041 7133 0 
15532 6865 6987 7069 7158 0 
15433 6817 6909 7026 7097 0 
15488 6861 6963 7054 7161 0 
