21247 8470 8374 8301 8204 0 
21202 8430 8327 8216 8147 0 
21187 8443 8351 8245 8156 0 
21185 8396 8248 8199 8103 0 
21202 8397 8331 8253 8136 0 
21157 8430 8302 8191 8102 0 
21198 8421 8323 8217 8144 0 
21215 8429 8313 8235 8109 0 
21203 8445 8329 8230 8144 0 
21217 8445 8349 8270 8187 0 
21144 8391 8283 8177 8083 0 
21161 8396 8248 8184 8094 0 
21170 8362 8260 8186 8060 0 
21227 8397 8355 8253 8155 0 
21196 8426 8319 8217 8144 0 
21175 8386 8268 8187 8109 0 
21167 8410 8314 8240 8151 0 
21144 8336 8288 8169 8068 0 
21148 8389 8275 8196 8087 0 
21157 8377 8283 8189 8134 0 
