14832 7563 7722 7923 8037 0 
14940 7618 7810 8004 8084 0 
14845 7581 7765 7966 8043 0 
14887 7607 7761 7983 8064 0 
14922 7581 7766 7957 8058 0 
14947 7616 7801 7999 8070 0 
14861 7579 7736 7937 8009 0 
14937 7625 7804 7968 8078 0 
14891 7581 7740 7966 8050 0 
14857 7547 7730 7931 8021 0 
14940 7577 7739 7962 8017 0 
0 7667 7826 8052 8129 0 
0 7622 7781 8007 8096 0 
0 7580 7765 7934 8068 0 
0 7601 7760 7982 8058 0 
0 7548 7736 7908 7985 0 
0 7620 7782 8065 8092 0 
0 7623 7786 8007 8096 0 
0 7593 7750 7977 8049 0 
0 7609 7795 7994 8094 0 
