14732 4998 5078 5149 5296 0 
14157 5109 5201 5268 5364 0 
16373 5016 5065 5179 5268 0 
15561 5071 5186 5234 5341 0 
15500 5010 5059 5173 5279 0 
15571 5030 5079 5193 5356 0 
15453 4953 5007 5096 5185 0 
15513 4983 5037 5147 5239 0 
14080 4976 5038 5142 5279 0 
14080 4957 5036 5121 5235 0 
14001 4999 5053 5142 5231 0 
14041 5038 5114 5193 5286 0 
14056 5051 5138 5190 5291 0 
15502 5028 5175 5179 5273 0 
14057 5036 5163 5190 5281 0 
14050 4999 5081 5156 5245 0 
14048 5075 5137 5201 5327 0 
14098 5075 5197 5238 5373 0 
13980 4999 5048 5137 5206 0 
14009 5033 5123 5187 5280 0 
