11756 8750 8892 9022 9116 0 
11781 8775 8917 9043 9125 0 
11712 8726 8877 8999 9085 0 
11793 8795 8919 9043 9153 0 
11744 8727 8844 8995 9077 0 
11740 8734 8851 9006 9105 0 
11726 8691 8861 8977 9054 0 
11713 8720 8870 8989 9103 0 
11746 8737 8911 9005 9115 0 
11736 8759 8871 9027 9122 0 
11751 8730 8875 8999 9107 0 
11682 8680 8822 8949 9030 0 
11720 8711 8860 8979 9074 0 
11651 8670 8757 8938 9020 0 
11788 8782 8928 9063 9173 0 
11770 8735 8909 9008 9102 0 
11824 8812 8947 9066 9176 0 
11720 8710 8859 8996 9078 0 
11675 8669 8765 8942 9019 0 
11787 8765 8936 9096 9144 0 
