0 9955 10059 10134 10257 0 
0 9875 10018 10129 10191 0 
0 9994 10055 10185 10275 0 
0 9944 10048 10153 10263 0 
0 9871 10009 10145 10193 0 
0 9897 10020 10149 10217 0 
0 9991 10040 10174 10250 0 
0 9954 10056 10161 10258 0 
0 9948 10060 10166 10257 0 
0 9989 10098 10207 10296 0 
0 9904 10010 10145 10204 0 
0 9933 10046 10153 10245 0 
0 9882 10017 10137 10201 0 
0 9918 10027 10161 10224 0 
0 9936 10073 10150 10271 0 
0 9908 10016 10146 10215 0 
0 9932 10074 10184 10252 0 
0 9886 9997 10133 10192 0 
0 9882 9984 10118 10199 0 
0 9874 10006 10141 10194 0 
