18034 5928 5766 5683 5577 0 
14243 5944 5817 5692 5610 0 
14180 5990 5837 5701 5628 0 
14209 5980 5849 5713 5627 0 
18138 5978 5814 5710 5621 0 
14214 6030 5864 5761 5655 0 
18030 5924 5767 5684 5582 0 
18007 5949 5783 5680 5573 0 
17956 5981 5828 5692 5614 0 
17990 5922 5783 5642 5544 0 
17946 6006 5840 5741 5605 0 
13623 5909 5772 5654 5552 0 
13678 5989 5828 5724 5611 0 
14131 5905 5781 5640 5567 0 
14239 6040 5883 5770 5648 0 
14123 5978 5792 5688 5574 0 
14063 5924 5791 5655 5579 0 
14245 6021 5864 5741 5638 0 
14135 5988 5802 5694 5563 0 
17976 6009 5823 5718 5587 0 
