0 9092 9166 9191 9209 0 
0 9094 9181 9177 9230 0 
0 9137 9191 9199 9235 0 
0 9071 9145 9165 9189 0 
0 9080 9186 9173 9219 0 
0 9092 9126 9131 9170 0 
0 9069 9175 9167 9208 0 
0 9150 9229 9248 9272 0 
0 9122 9196 9220 9244 0 
0 9078 9157 9176 9200 0 
0 9107 9181 9205 9229 0 
0 9108 9187 9211 9247 0 
0 9154 9290 9252 9276 0 
0 9103 9210 9197 9253 0 
0 9203 9260 9262 9304 0 
0 9073 9147 9171 9195 0 
0 9098 9207 9194 9254 0 
0 9160 9227 9214 9271 0 
0 9119 9158 9177 9201 0 
0 9173 9264 9271 9294 0 
