21809 9711 9635 9567 9479 0 
21764 9672 9628 9527 9451 0 
21753 9689 9613 9530 9451 0 
21743 9664 9592 9522 9451 0 
21770 9696 9648 9552 9491 0 
21799 9708 9664 9568 9453 0 
21768 9671 9632 9549 9456 0 
21810 9727 9668 9629 9457 0 
21725 9662 9585 9517 9410 0 
21774 9686 9609 9545 9447 0 
21803 9712 9673 9572 9457 0 
21791 9712 9636 9629 9471 0 
21738 9646 9598 9515 9408 0 
21781 9681 9633 9537 9481 0 
21800 9684 9640 9544 9493 0 
21748 9665 9589 9525 9414 0 
21790 9674 9635 9534 9483 0 
21793 9710 9638 9569 9513 0 
21824 9728 9684 9631 9503 0 
21836 9753 9681 9651 9512 0 
