22553 9137 9016 8912 8753 0 
22494 9093 8972 8863 8743 0 
22548 9118 9025 8902 8744 0 
11498 9145 9052 8886 8789 0 
22527 9142 8996 8883 8727 0 
11478 9139 9046 8909 8806 0 
22473 9122 8976 8867 8709 0 
22623 9272 9146 8980 8881 0 
22579 9150 9061 8895 8781 0 
22543 9138 9020 8872 8736 0 
22559 9154 9041 8913 8757 0 
22574 9163 9042 8904 8778 0 
22558 9158 9040 8874 8755 0 
22576 9230 9088 8950 8818 0 
22536 9159 9031 8869 8760 0 
22556 9209 9063 8954 8808 0 
22624 9228 9107 8973 8854 0 
22564 9162 9059 8918 8815 0 
11470 9175 9071 8905 8807 0 
22553 9123 9030 8893 8753 0 
