19218 9143 9142 9152 9127 0 
19116 9043 9042 9115 9015 0 
19182 9129 9112 9117 9076 0 
19106 8993 9027 9038 9000 0 
19170 9063 9090 9048 9048 0 
19182 9100 9116 9098 9090 0 
19121 9043 9042 9110 9015 0 
19182 9109 9107 9112 9076 0 
19141 8999 9070 9044 9023 0 
19188 9113 9112 9121 9097 0 
19181 9047 9086 9115 9058 0 
19176 9127 9101 9115 9086 0 
19165 9037 9071 9140 9045 0 
19220 9117 9156 9181 9129 0 
19201 9133 9112 9121 9092 0 
19187 9113 9130 9116 9099 0 
19160 9048 9075 9054 9033 0 
19211 9132 9131 9145 9116 0 
19195 9062 9101 9111 9070 0 
19158 9089 9096 9122 9073 0 
