21858 7162 7079 6963 6887 0 
21833 7126 7047 6926 6828 0 
21853 7198 7066 6977 6926 0 
21876 7163 7079 6963 6844 0 
21848 7156 7052 6931 6842 0 
21853 7180 7044 6956 6906 0 
21798 7140 7008 6915 6779 0 
21933 7272 7145 7095 6914 0 
21843 7185 7049 6960 6911 0 
21855 7196 7060 6976 6852 0 
21891 7226 7090 7002 6914 0 
21898 7242 7106 7017 6884 0 
21866 7206 7074 6990 6866 0 
21863 7177 7073 6952 6862 0 
21811 7116 7038 6917 6841 0 
21926 7235 7142 7025 6894 0 
21868 7207 7088 6972 6892 0 
21840 7206 7065 6981 6919 0 
21863 7172 7068 6947 6833 0 
21846 7192 7050 6946 6843 0 
