18150 7206 7262 7219 7212 0 
18679 7769 7756 7767 7736 0 
18655 7744 7781 7736 7728 0 
18653 7718 7742 7730 7699 0 
18668 7748 7785 7747 7731 0 
18212 7307 7294 7305 7299 0 
18660 7759 7739 7743 7748 0 
18624 7685 7707 7702 7666 0 
18624 7718 7730 7721 7702 0 
18614 7674 7687 7687 7651 0 
18329 7444 7438 7449 7436 0 
18621 7715 7722 7718 7694 0 
18638 7694 7711 7672 7674 0 
18619 7713 7702 7691 7697 0 
18622 7678 7761 7656 7658 0 
18485 7570 7564 7578 7537 0 
18670 7759 7751 7766 7743 0 
18719 7804 7796 7793 7787 0 
18649 7705 7730 7704 7685 0 
18575 7660 7658 7663 7632 0 
