17400 7839 7876 7933 7910 0 
17361 7840 7877 7929 7940 0 
17405 7907 7926 7982 7989 0 
17333 7793 7832 7889 7988 0 
17305 7788 7843 7867 7932 0 
17390 7887 7911 7963 8018 0 
17350 7814 7888 7912 7922 0 
17320 7800 7842 7898 7942 0 
17347 7811 7856 7902 7957 0 
17308 7759 7811 7869 7929 0 
17390 7917 7916 7968 7993 0 
17344 7800 7865 7907 7939 0 
17368 7838 7874 7927 7918 0 
17331 7795 7865 7893 7941 0 
17303 7749 7822 7854 7891 0 
17379 7843 7880 7937 7974 0 
17344 7790 7860 7910 7936 0 
17359 7824 7865 7920 7970 0 
17309 7784 7833 7886 7923 0 
17360 7897 7894 7918 7958 0 
