20464 9242 9201 9121 9094 0 
20549 9328 9330 9230 9197 0 
20449 9228 9202 9159 9104 0 
20530 9309 9315 9211 9177 0 
20556 9330 9266 9233 9182 0 
20494 9239 9230 9160 9104 0 
20499 9268 9227 9172 9115 0 
20492 9237 9228 9141 9105 0 
20509 9255 9264 9158 9120 0 
20473 9223 9214 9101 9088 0 
20581 9355 9316 9258 9207 0 
20514 9259 9268 9180 9129 0 
20555 9330 9247 9233 9182 0 
20487 9270 9290 9137 9129 0 
20523 9287 9264 9186 9140 0 
20510 9293 9250 9196 9152 0 
20520 9299 9318 9191 9168 0 
20571 9350 9267 9248 9202 0 
20492 9255 9232 9173 9121 0 
20530 9281 9275 9184 9161 0 
