19887 7963 7911 7877 7838 0 
19883 7959 7908 7869 7875 0 
19809 7884 7835 7785 7757 0 
19863 7938 7891 7853 7815 0 
19882 7958 7925 7859 7831 0 
19821 7931 7840 7807 7750 0 
19883 7958 7901 7867 7829 0 
19833 7933 7869 7803 7775 0 
19867 7923 7904 7838 7809 0 
19900 7938 7919 7853 7829 0 
19826 7945 7849 7811 7771 0 
19873 7947 7914 7843 7820 0 
19901 7944 7925 7854 7826 0 
19827 7950 7867 7805 7778 0 
19931 7997 7946 7908 7856 0 
19826 7911 7866 7804 7785 0 
19880 7893 7904 7833 7799 0 
19856 7892 7871 7836 7798 0 
19898 7968 7912 7878 7822 0 
19822 7907 7859 7793 7757 0 
