17947 6262 6281 6283 6282 0 
17972 6309 6320 6309 6340 0 
17941 6251 6275 6259 6271 0 
17985 6275 6299 6301 6300 0 
17956 6299 6291 6307 6318 0 
17980 6319 6306 6312 6343 0 
17975 6286 6305 6289 6305 0 
17997 6352 6348 6332 6364 0 
17946 6273 6265 6281 6280 0 
17918 6286 6278 6294 6293 0 
18027 6378 6373 6366 6415 0 
17906 6270 6257 6278 6277 0 
17957 6293 6312 6301 6385 0 
17933 6295 6287 6303 6313 0 
17956 6371 6319 6307 6335 0 
17968 6375 6342 6330 6375 0 
17933 6296 6306 6290 6317 0 
17941 6300 6287 6308 6301 0 
17920 6255 6274 6276 6280 0 
17937 6290 6310 6298 6325 0 
