12550 4212 4089 4015 3883 0 
16207 4237 4156 3985 3903 0 
16125 4162 4021 4015 3820 0 
16189 4208 4075 3967 3840 0 
16107 4143 4060 3996 3833 0 
16215 4214 4090 4020 3884 0 
16185 4174 4070 3962 3824 0 
16238 4262 4129 4038 3935 0 
16166 4184 4050 3942 3834 0 
16194 4200 4058 4023 3828 0 
16172 4194 4053 3964 3851 0 
16126 4158 4017 3985 3815 0 
16196 4217 4094 3971 3841 0 
16211 4205 4096 3973 3865 0 
16177 4211 4078 3979 3840 0 
16210 4227 4109 3985 3898 0 
16187 4208 4067 3991 3852 0 
16210 4236 4100 4004 3860 0 
16129 4140 3999 3910 3856 0 
16171 4213 4081 4025 3852 0 
