20608 4017 4173 4250 4384 0 
20654 4035 4159 4268 4433 0 
20666 4075 4185 4289 4439 0 
20618 4009 4144 4254 4371 0 
20648 4027 4187 4264 4393 0 
20635 4019 4116 4252 4356 0 
20658 4006 4191 4236 4375 0 
20694 4020 4150 4254 4377 0 
20658 3994 4088 4232 4371 0 
20711 4090 4182 4348 4413 0 
20681 4019 4144 4257 4372 0 
20711 4060 4157 4294 4385 0 
20668 3988 4172 4235 4347 0 
20681 4017 4152 4241 4355 0 
20648 4027 4125 4285 4356 0 
20662 3993 4115 4235 4352 0 
20662 4007 4163 4245 4361 0 
20599 3973 4095 4202 4339 0 
20728 4112 4204 4360 4452 0 
20651 4028 4188 4252 4372 0 
