16091 8081 8190 8284 8370 0 
16087 8083 8187 8286 8372 0 
16163 8159 8279 8347 8448 0 
16139 8134 8220 8337 8409 0 
16152 8098 8250 8301 8449 0 
16133 8093 8243 8296 8398 0 
16193 8139 8216 8338 8419 0 
16161 8073 8271 8276 8347 0 
16207 8162 8244 8365 8450 0 
16111 8062 8166 8260 8334 0 
16165 8088 8243 8296 8454 0 
16095 8046 8150 8244 8318 0 
16240 8192 8259 8391 8467 0 
16151 8094 8274 8293 8403 0 
16127 8062 8256 8261 8367 0 
16163 8080 8235 8288 8364 0 
16095 8041 8150 8244 8318 0 
16202 8137 8248 8341 8461 0 
16175 8097 8247 8308 8362 0 
16193 8143 8266 8295 8434 0 
