22022 7958 7792 7668 7497 0 
23242 8022 7856 7728 7575 0 
23256 8003 7841 7722 7563 0 
21216 7978 7844 7688 7534 0 
0 8012 7875 7723 7575 0 
0 7998 7827 7708 7544 0 
0 8047 7885 7757 7586 0 
0 7977 7829 7673 7530 0 
0 7981 7815 7687 7516 0 
21177 8017 7826 7707 7544 0 
0 7969 7828 7672 7518 0 
0 8038 7876 7747 7594 0 
0 8072 7910 7757 7615 0 
0 8032 7866 7717 7583 0 
0 8001 7830 7687 7540 0 
0 8044 7896 7744 7600 0 
0 7976 7807 7688 7512 0 
0 8004 7865 7714 7566 0 
21178 7992 7844 7688 7544 0 
0 7952 7731 7638 7462 0 
