16748 6435 6487 6551 6616 0 
16693 6388 6419 6501 6526 0 
16710 6394 6456 6523 6573 0 
16624 6330 6376 6468 6495 0 
16705 6394 6463 6532 6571 0 
16743 6354 6471 6551 6558 0 
16655 6340 6382 6478 6505 0 
16737 6397 6479 6566 6573 0 
16756 6390 6461 6528 6580 0 
16664 6348 6392 6463 6488 0 
16743 6389 6465 6527 6564 0 
16685 6388 6407 6503 6545 0 
16703 6379 6450 6494 6536 0 
16663 6383 6385 6467 6496 0 
16690 6350 6409 6523 6535 0 
16689 6350 6446 6523 6547 0 
16734 6385 6486 6523 6578 0 
16700 6358 6452 6527 6562 0 
16627 6323 6368 6455 6498 0 
16772 6463 6534 6580 6630 0 
